SAMPLES:	4659
BITSPERSAMPLE:	8
CHANNELS:	1
SAMPLERATE:	8000
NORMALIZED:	FALSE
0
0
0
0
-256
-256
-256
-256
0
256
0
-256
-256
0
0
256
0
-256
-512
0
256
256
256
0
0
0
0
256
256
0
-512
-768
-1536
-2048
-2816
-2560
-768
2048
3584
3584
2304
-256
-1792
-2304
-2048
-768
0
0
256
512
512
512
512
0
-512
-256
256
512
256
256
0
-512
-256
256
768
1536
1536
256
-1792
-3328
-6144
-8192
-3072
3072
6400
7168
6400
768
-2560
-3072
-3328
-3328
-1792
-1024
-512
2048
3840
2560
512
-1024
-2560
-3072
-256
1280
2048
2304
1792
-256
-1024
-768
-768
-256
1024
1536
2048
1536
-1024
-6400
-11520
-8704
-768
7168
9984
9472
3840
-2304
-3584
-3072
-3584
-3584
-3072
-2560
1280
5632
6144
2816
-1280
-4864
-4608
-1536
2048
3328
3840
1792
256
-1280
-1536
-1024
768
2816
3328
768
-3328
-11008
-13056
-5376
4864
8704
9728
7936
256
-2304
-1280
-3328
-6144
-5376
-4608
-768
5632
8192
5120
0
-3328
-5376
-3328
512
2048
2048
2816
2816
1536
256
-256
-512
1024
1536
-1536
-9728
-15360
-6912
4352
11008
10240
8704
-1792
-3584
-1024
-512
-5376
-5888
-6144
-2560
4864
9216
5120
-512
-2048
-4096
-3584
-256
1024
1280
3584
4864
2048
-256
-256
1280
1280
-512
-8960
-13568
-5632
3840
8192
7680
5888
-2560
-3072
-512
512
-3328
-3840
-4608
-1792
3584
6656
3072
-768
-1792
-3328
-3328
-256
1024
1792
3584
3584
512
-1024
512
1536
256
-8448
-13056
-5888
3840
8448
9216
6656
-2816
-3328
-512
-512
-4608
-4096
-5120
-1280
5120
8192
2560
-768
-1792
-4608
-4096
-512
512
2304
4864
4608
512
768
1792
512
-9984
-13568
-6912
2048
7936
10752
8192
-1024
-1024
-768
-2816
-7168
-5376
-6144
-256
6144
8704
2816
768
-1280
-5376
-5376
-2048
-256
2560
5888
5120
3072
3328
1536
-11008
-15104
-7168
0
4608
10496
9984
1280
2816
2560
-3328
-9984
-8192
-8448
-2560
5632
10240
4352
4096
2048
-3840
-6912
-5120
-3584
1280
5888
6144
4864
5888
-5120
-14592
-9472
-3328
-2048
4352
9216
4096
6144
7424
2048
-7168
-8192
-9728
-7424
-768
5888
4096
5888
7936
2048
-2560
-4096
-5376
-4096
2816
5632
5120
-768
-11776
-7424
0
2560
0
2560
-2560
3072
7936
7424
-2304
-5376
-7936
-6144
-2048
1792
-2816
-1024
7168
6912
3072
-256
-3072
-1536
2304
2816
1536
2816
-10752
-14080
-2560
4608
0
4608
2816
-1024
5888
8192
-256
-6656
-4608
-6400
-4352
768
-768
-4608
5376
7936
3584
256
-768
-1792
2304
4352
1536
256
-11264
-13824
-1024
4864
512
3072
1536
0
7936
7680
-512
-7680
-4864
-5632
-2304
1536
-1792
-6656
3072
6144
4608
1536
1280
-256
3840
5120
2048
-3328
-14080
-11776
-1280
1536
512
3584
1536
4352
10240
6656
-1792
-5888
-4864
-6144
-3584
-1280
-5632
-3840
3840
6144
4352
3584
3072
2560
4608
4864
768
-9472
-14080
-6144
-1536
-2816
512
0
1536
8704
11008
4608
0
-1792
-3072
-4096
-1792
-6144
-8448
-4608
1024
2304
3072
4352
5120
7680
8192
6400
-2816
-9216
-7936
-4864
-6656
-5376
-6656
-4096
1792
10496
8448
5888
4096
4608
2304
3328
-2816
-7680
-9728
-5376
-5632
-3584
-2304
2048
5888
12032
9472
3328
-1536
768
-1792
-4608
-7168
-12288
-12800
-1792
4608
3328
4096
5888
6144
10496
9728
1280
-4864
-4352
-5120
-6400
-6400
-6144
-3328
6144
9216
1024
-1280
3840
3328
1536
1536
-5888
-9216
-2048
3328
-256
512
256
-768
3584
6912
256
-3584
-1536
-768
-3072
-512
-1792
-768
3840
9728
1280
-3840
-2816
768
-2560
-256
-5120
-8448
-4608
5120
2816
2816
2816
2560
3328
8192
2048
-3328
-4864
-1792
-5120
-3072
-4352
-2304
1280
10496
4352
-1024
-768
3328
-768
1280
-3072
-7936
-6656
2560
768
-256
1280
1024
1792
7168
4608
-2048
-2304
0
-2560
-1792
-1536
-2560
768
7424
1280
-4096
-1280
1536
-2048
768
-2304
-6400
-3328
4864
1280
1280
2560
1280
1792
5632
1536
-4608
-2304
-1536
-3328
-2048
-768
-1792
3840
8192
768
-3072
1280
768
-2048
0
-4096
-7424
-2048
3584
-1280
1280
2304
1792
3072
6656
512
-3328
-256
-1024
-3584
-1536
-1536
-2048
5120
4864
-3072
-2560
2560
-1024
-1280
-512
-4352
-5376
2560
2560
-1280
2048
2304
1280
3584
4608
-3584
-2816
-256
-1792
-3072
-512
-2304
1024
6656
2304
-3840
256
1792
-1792
-512
-2048
-6400
-3328
3840
-256
-512
1536
1792
1792
5888
1792
-3840
-1280
0
-2560
-1792
-1024
-2048
3584
4352
-1792
-3584
1792
-512
-1024
-768
-3072
-5888
1792
2816
-256
512
2048
1280
2816
4608
-2304
-3328
-768
-512
-2304
-256
-1536
1280
4608
1280
-3840
-512
768
-1280
-768
-1536
-5120
-2816
3072
768
768
1280
2304
768
4608
1024
-2816
-1792
0
-1792
-1024
-768
-256
3328
2560
-2560
-2048
1280
-1024
-1792
-1536
-3328
-4096
2560
1024
0
768
3328
1536
3584
2304
-2816
-2560
256
-1024
-2048
-1024
0
2816
2560
-768
-3072
512
-512
-1280
-2304
-2560
-3840
1792
1536
1024
0
3072
2048
2816
1792
-1792
-3072
-256
256
-1280
-1792
-256
3072
2048
-512
-2560
0
-512
-512
-1792
-2816
-4608
1536
1792
1536
768
2048
1280
2560
2560
-2048
-2816
-768
-256
-512
-512
-512
2304
1792
-768
-2304
768
-1280
-1536
-512
-1792
-2560
2560
2048
-512
1536
2304
256
1280
512
-4352
-3072
-256
-768
0
1536
0
4864
6144
-3584
-5888
768
-2304
-2816
-768
-4352
-2816
6656
5888
768
3072
2048
-768
1280
-2048
-8960
-4864
768
256
2048
3840
2048
7936
6656
-6144
-7936
-1024
-4608
-4096
-2304
-5120
768
11008
7424
2048
3584
768
-1536
-768
-6656
-11008
-3584
3328
2816
4352
4864
4608
9984
4096
-11008
-10240
-3584
-5632
-2560
-2816
-3840
6656
13824
7424
2048
1792
-3072
-4096
-4352
-10496
-9984
2048
8192
5888
6912
5632
5120
9472
-1792
-15872
-11008
-4864
-4864
1024
2048
1536
10496
13312
3840
-3584
-4352
-7680
-6400
-6144
-10496
-4864
10240
12288
7424
6400
3328
3072
4864
-11008
-16128
-6912
-512
1280
5632
3584
5632
11264
8960
-5632
-9728
-8704
-8448
-5888
-4864
-6656
5632
14080
10240
3840
1536
-3072
2816
-3072
-16128
-10752
512
4864
7424
6912
2048
6144
9472
-1024
-12288
-11520
-9216
-3840
768
-768
512
11008
12032
4096
-3072
-6656
-3072
3584
-13312
-14592
-1024
7168
8448
9216
768
512
6400
2560
-11264
-11520
-7936
-1024
3840
3584
-1792
4608
9472
4864
-4608
-7424
-3584
6144
-7168
-14848
-3328
5632
6144
8192
0
-2048
3840
4864
-6912
-9216
-6144
-1280
2816
3072
-3584
768
7424
6400
-2048
-5376
-2560
7424
-3072
-16128
-6912
3584
4096
7680
2304
-1792
4352
6656
-4096
-9984
-6912
-3072
1024
3072
-2048
-1536
6912
8192
256
-5376
-4352
6144
2048
-15104
-11008
2048
5632
7168
5376
-2560
2048
7168
-512
-10752
-8192
-3328
1280
3072
1280
-2048
5376
8704
1792
-6400
-5376
5120
3072
-14080
-10752
2304
5376
7680
6144
-3584
512
6656
512
-9472
-7936
-3840
768
3584
2048
-2048
3584
8704
2816
-5632
-6400
4864
4096
-13568
-10752
2816
4352
7168
6144
-3072
-256
7168
512
-8448
-6656
-3840
-1024
3072
1792
-512
4096
8192
2560
-4096
-5376
5376
-2048
-16128
-5376
5632
3584
8192
4864
-3072
512
6144
-2816
-9472
-4352
-1536
0
3328
256
-1280
5632
7680
-512
-5888
-3072
7936
-2304
-15616
-4096
5376
4352
7936
2304
-4608
1280
6912
-2048
-8448
-4608
-1280
768
3072
-1280
-2304
6400
8192
-256
-4864
-1024
7680
-5120
-16128
-3328
5376
4864
8704
2304
-4096
2048
6144
-3840
-8960
-4608
-1280
1536
3072
-1024
-1280
6656
7168
-1024
-5888
256
8192
-7936
-15616
-768
6656
5120
8448
1280
-5120
2560
6144
-5120
-8960
-3072
-256
1536
2304
-1536
-1280
7424
7168
-2304
-6656
2304
7680
-9984
-14848
1024
6400
5632
8448
0
-5120
3584
5888
-5888
-8448
-3072
-256
1792
2048
-1536
0
7936
5888
-3328
-5888
4608
4352
-14080
-11520
4096
5632
6144
7936
-2048
-4096
5120
3072
-8448
-6656
-1792
256
1792
1792
-2048
2304
8448
3328
-5376
-3584
7424
-1024
-16896
-6144
6656
4864
7168
5888
-4608
-1792
6656
-768
-10496
-4608
-512
768
1792
1024
-1792
5120
7936
512
-7168
768
6912
-10496
-15104
2560
6656
4096
8704
1536
-5376
2816
5120
-6912
-8192
-1792
-256
512
2048
-512
256
6912
4864
-3584
-4096
6656
-1280
-16128
-5888
7424
3840
5632
6144
-3072
-1792
5888
-1792
-10240
-4096
0
0
512
1024
-256
4864
6912
-256
-6400
2560
5376
-11776
-13056
3072
6912
4096
7424
512
-4608
3584
3584
-8960
-7936
-1024
512
-512
1792
256
1280
6656
4096
-4864
-1792
7424
-6144
-16128
-2048
8192
3328
6912
4864
-4608
256
5888
-6144
-10496
-1792
1024
-512
768
1280
512
5632
5376
-2048
-4096
6400
-2048
-15872
-6656
7680
4608
5376
6912
-2304
-2560
5120
-3328
-11520
-3584
1536
-512
-256
2048
1024
4096
5376
0
-4096
5632
-768
-15616
-8192
7936
5120
3840
7424
-256
-2560
4352
-3072
-12800
-4352
2560
256
-1024
2048
1536
4096
4608
256
-4096
5120
512
-15104
-10240
6400
6656
3328
6912
1536
-1536
3584
-2816
-13312
-5888
2560
1280
-1280
2048
2304
4096
4096
0
-3840
5120
0
-15360
-9984
6656
5632
3328
6912
1280
-512
5120
-2816
-14080
-7168
2304
2048
-512
2560
2048
4608
4864
-256
-4608
4864
-1536
-15872
-7680
7936
4864
3328
6656
1024
-256
4352
-4096
-13312
-6144
1536
768
512
3328
2816
4864
4864
-768
-3840
4096
-6400
-16128
-2560
9984
3584
4096
5888
256
768
3072
-8704
-11776
-2816
2304
-1536
1024
4352
4096
4864
3584
-2816
-1024
3072
-11520
-13824
3328
9472
2816
5120
4096
-768
2560
768
-11520
-9472
256
2048
-2304
1536
3840
4864
4864
2560
-2816
1792
-256
-14592
-10752
6656
8192
2560
5632
2816
-512
3584
-1792
-13312
-7424
1792
1024
-2304
2560
3840
5376
4864
1024
-3328
4352
-3072
-16128
-7168
9728
6144
3328
5888
1024
-768
4608
-5376
-14080
-4864
3072
-768
-1536
3328
4096
5632
4864
-768
-2048
4352
-7424
-15872
-2048
11008
4352
4352
5632
-256
256
3584
-9728
-13056
-1792
3840
-2560
0
3840
4352
5632
3840
-3072
512
2560
-12032
-13824
4608
10240
2304
5632
4096
-1536
2560
768
-13568
-9728
1792
2560
-3328
1792
3584
4864
5632
2304
-4352
3072
-1280
-15616
-8960
9472
7424
2560
6144
1792
-2048
3840
-3840
-14592
-6144
3584
0
-2304
3072
3072
4864
5888
256
-2816
4352
-6912
-16384
-2304
11520
4352
3328
5888
256
-512
3584
-9216
-13568
-2560
4352
-2304
-1024
3584
4096
5120
4608
-2048
0
3072
-11776
-14336
3072
11008
3072
5376
4608
-2048
768
1024
-12800
-11008
512
3584
-2816
1280
2816
4096
5376
3584
-3840
2304
-768
-15104
-10240
8704
8448
2816
6656
3072
-3328
1792
-3584
-14336
-7168
3328
1536
-1536
3072
3072
4096
4864
512
-2816
4096
-7168
-16128
-2816
12032
5120
3584
6400
512
-2048
1280
-10496
-12544
-1536
4608
-1024
1024
3328
3328
3840
2816
-2816
2304
768
-14080
-11776
6144
9728
3840
5376
3840
-1024
1536
-4864
-14592
-6912
3584
2560
-1024
3328
2816
3328
3840
-512
-3840
4864
-5376
-16128
-3840
10752
5376
3840
6400
1280
-1536
2816
-9728
-13568
-3328
5888
768
512
3328
3328
4096
3328
-4608
-2304
4352
-11520
-13824
4352
10496
3072
4864
5632
-1280
0
512
-12288
-11264
-1024
4608
768
3584
2816
3584
4608
3072
-5120
1536
-2816
-15616
-7168
10496
7168
2048
5376
4352
-1280
2048
-5888
-13568
-6656
2560
512
0
4352
4608
4096
5120
256
-2048
1536
-11008
-14592
1280
12288
4864
2816
5376
512
0
1024
-12288
-11776
-1792
4096
-768
2048
4096
4608
4352
3072
-3328
2048
-4352
-15616
-7168
11264
8960
3072
4352
2560
-3072
2304
-6400
-14336
-6400
4608
2560
256
2560
3072
4096
5120
-1792
-1280
2304
-11776
-14080
4608
12800
4096
3584
4608
-2560
-1536
768
-12544
-11008
512
6144
-512
1792
1792
2560
4608
4096
-3584
2816
-3072
-15872
-7424
10752
9728
2560
4864
3584
-4352
768
-5888
-13568
-7168
3840
3840
1792
2560
2048
2560
4864
256
0
0
-13056
-13312
4352
12800
5376
3584
4864
-512
-1280
-3072
-14080
-9984
1792
6400
256
2560
2560
1792
2560
1792
-3584
3840
-3584
-15616
-6912
10496
8704
3328
4608
2560
-2816
2048
-7424
-14080
-6144
5632
3840
1792
2816
1536
2048
4608
-1536
-1280
2304
-11520
-13824
4352
11520
3840
3328
5888
-512
-768
0
-13056
-11776
-256
7680
1024
1280
2048
3072
4096
3072
-4864
1792
-2304
-15616
-7680
9984
8448
2048
4608
5120
-2048
1280
-5376
-13824
-8704
1536
4096
2816
4096
3072
3584
4352
-1280
-3840
1536
-9472
-14592
1792
13056
5376
1792
5120
1280
-1280
256
-11264
-12288
-2816
5632
1792
2560
3328
3072
3840
3840
-3072
768
-3072
-14848
-8448
10240
10240
2048
2816
4608
-1280
1792
-4608
-14080
-8192
2560
3584
512
3328
3584
4096
5120
256
-3072
1792
-8704
-15360
0
13568
6400
2304
4352
1024
-2304
2560
-10240
-13568
-3328
6144
512
1024
3328
3584
4608
4864
-3328
256
-256
-14336
-11264
8960
11776
3072
3584
4608
-3328
256
-1280
-14080
-9984
2304
5120
-768
2816
2560
2816
5376
3072
-3072
1536
-6912
-16128
-3840
13568
7424
2048
5376
3328
-4352
512
-8448
-13824
-5376
5632
2048
1024
3328
2816
2816
4608
-768
-1024
256
-12544
-13824
4608
13056
5120
2816
5632
256
-1792
-2816
-14080
-10752
512
6144
256
2304
2816
3328
4096
2560
-3840
1536
-3584
-15616
-8192
10240
8448
3328
5376
4864
-2304
1280
-5888
-14336
-9472
2304
4608
2048
4096
3072
3840
4352
-512
-2560
1280
-10752
-14848
1536
13056
4864
2816
5632
2560
-1024
256
-11776
-13056
-5120
3840
768
3584
4864
4608
3840
4096
-2816
-1280
-4608
-14336
-9984
9216
11264
3840
3072
5120
-512
512
-4608
-14336
-9472
1280
3584
768
4096
3840
4608
4352
256
-2304
3072
-7680
-15872
-2048
13568
7168
3584
4864
1280
-2816
2560
-8704
-14592
-5376
6144
1024
0
3072
3072
4864
6144
-2048
-2816
1536
-11008
-14848
2816
13312
4608
4352
6912
0
-3072
-512
-12032
-12032
-2304
3840
512
4352
4352
2816
3584
4096
-1024
2048
-5632
-15616
-8192
11008
9216
4096
5632
4864
-1024
1792
-8192
-15360
-9472
3328
4864
1024
4608
4352
3840
3584
-1536
-4608
-512
-10752
-15104
2304
13312
5376
3584
5376
1792
-2560
-512
-11520
-12800
-4864
3584
2560
5376
3840
3328
3840
4352
-3072
-1280
-3072
-14592
-9984
9728
11008
2560
4096
5632
-512
768
-3584
-14080
-9472
1792
3584
-3072
2816
5120
5888
4864
1792
-5120
2304
-2048
-15104
-7936
10752
9728
4096
4864
3328
-2816
1792
-2560
-14080
-9216
768
1024
256
4608
3584
4864
5888
1792
-2560
2560
-7168
-15872
-3072
13568
6400
3840
6144
2560
-3072
2560
-7168
-14592
-7168
4096
768
-768
4096
4608
5376
5376
-1280
-4096
2304
-9216
-15360
-768
13312
5888
4608
7168
768
-5120
768
-7680
-14336
-5376
4096
256
1536
5120
2816
3584
5632
256
-3328
512
-9984
-15104
0
13312
5632
3840
6912
1536
-4608
-256
-8192
-13824
-4608
4608
-512
-256
4864
4608
4352
4608
0
-3072
1536
-9216
-15360
-768
13312
6144
5120
6656
768
-4864
768
-7680
-14080
-5120
4096
256
512
4096
3584
4608
5120
256
-3584
2304
-8448
-15360
-2304
13056
6656
4864
6912
1536
-4608
768
-6656
-14592
-5888
3840
256
256
5120
3840
4096
4608
1280
-5376
512
-6144
-15360
-5120
12288
8448
4352
6656
2560
-4864
-1024
-3840
-14336
-7168
2816
1536
-512
4864
3584
3840
4608
3072
-5376
768
-2048
-14592
-8960
9984
10496
4096
6144
4096
-4096
-1536
-256
-13056
-10240
1024
2816
-2048
3584
3840
3584
5120
5632
-4096
-1536
256
-13056
-12032
6656
12032
3840
5632
5632
-1536
-2816
1280
-10752
-12800
-1792
3584
-1792
2048
4608
3584
4864
6656
-2048
-4352
1536
-9728
-14592
2304
13056
4352
4096
5888
1536
-3328
2048
-7424
-14592
-4608
3072
-1280
-256
5120
4352
4864
6400
1024
-6912
0
-5376
-15360
-5376
11776
7424
3072
6144
4352
-1792
0
-2816
-13824
-8960
512
1280
-2304
3584
5376
5120
5888
4096
-6656
-2560
1536
-12288
-13056
5120
10752
3328
5888
6912
768
-2560
1280
-8960
-13824
-4864
2304
256
2048
5888
3840
5376
6144
-1536
-8448
1792
-3328
-15360
-5120
11264
6656
3328
7680
5120
-3072
-768
-1280
-13568
-10240
512
2560
-768
5376
5120
4096
5120
3584
-7168
-3584
3328
-10752
-14080
4864
11008
3328
6400
7680
768
-4352
1792
-7936
-14592
-4608
3840
512
1792
6144
3328
3840
5376
-768
-7936
2816
-2048
-15872
-6400
10240
6400
3840
8192
4864
-2560
-1024
-768
-14080
-10752
1280
3072
-2048
4352
4864
2816
4864
4864
-5632
-4608
4864
-7936
-16128
-512
10752
5120
6400
7936
2048
-3840
0
-5120
-15104
-6656
2560
768
256
6144
2560
2816
5632
3072
-7680
0
3584
-12544
-13312
5120
10752
4096
6400
7168
-256
-4608
1024
-8704
-14592
-3072
2816
-512
1536
5632
2048
4096
6144
512
-8448
2048
-1024
-15360
-8960
9216
8704
3840
7680
6144
-3584
-4096
512
-11008
-12544
-256
3584
-1536
768
4608
2304
5120
6144
-1536
-8704
4608
768
-15104
-9216
9216
8704
3584
7936
4608
-4352
-2304
4096
-9984
-13568
-1792
1792
-1536
3328
4864
1792
5632
6912
-2560
-7168
5632
-4608
-16384
-4608
11776
5632
4096
7424
3840
-4096
1280
1024
-13824
-11520
256
768
-2304
2816
5120
3072
6656
5632
-5120
-7680
6144
-2816
-15872
-6912
9984
5888
3584
8448
5120
-3072
-768
2048
-11776
-13312
-2560
1536
256
3584
4864
2560
5376
5632
-3840
-7936
5120
-1024
-15104
-8960
8704
6912
4352
9472
4608
-2816
-1024
2048
-11776
-13056
-1280
2560
-1280
3584
4864
1792
4864
6656
-3328
-8704
4864
3072
-14336
-11520
6400
9728
4352
8704
4864
-2304
-4352
3840
-7936
-14080
-4352
2560
-512
1280
3584
2560
3584
7680
512
-7424
512
5888
-11776
-13824
1792
12032
2560
7168
6144
0
-4608
4864
-2560
-14848
-8704
2304
-1536
-2048
4096
5120
2816
8192
3584
-7424
-5376
7936
-5376
-15616
-5888
11008
4864
4608
7680
4352
-2304
768
1536
-11520
-13312
-3328
256
256
3840
5376
3072
5888
4864
-4096
-8704
5120
2816
-13824
-11776
5632
8960
2560
9216
6144
-1280
-3840
4608
-6656
-15360
-6144
3072
-1280
1024
5376
3072
2048
7680
1280
-7936
-2560
8704
-5632
-15616
-5888
9728
5120
6912
8192
3072
-4352
-1024
2560
-11008
-12288
-2560
-512
-512
3328
4096
1792
5376
6912
-2048
-6656
4608
4096
-12544
-13824
1792
11008
3072
7936
5888
256
-4352
5120
-768
-14336
-10496
-1280
-1024
-768
3328
5120
3328
8192
4864
-5376
-5888
6656
-1024
-14848
-10752
6144
6912
3328
8448
5632
256
-2560
5376
-5632
-14336
-9216
-2560
-512
2560
5376
4608
3328
7424
1024
-6400
-2560
7936
-3840
-15360
-8448
7680
5120
5632
8960
4864
-2304
-768
5632
-9216
-14592
-6656
512
0
1536
5120
3328
3072
7936
256
-6144
-768
7424
-4608
-15360
-8704
7168
6144
5888
8192
4352
-3328
-1280
6912
-6912
-14336
-8704
-1280
0
512
4864
4096
3840
8448
1536
-5376
-1536
7424
-4864
-15360
-8192
6912
4608
4864
7680
5376
-1792
1536
7680
-8448
-14848
-9728
-3328
-768
1536
5888
3840
4608
9216
1024
-6144
-2304
7680
-1536
-14848
-11776
2048
5376
5632
9984
6144
0
-512
7424
-4608
-14848
-11008
-3840
-512
512
4864
4608
2560
8192
4608
-3328
-4352
4608
4864
-10752
-15104
-3584
6656
4352
7424
6912
2560
-2560
5888
5120
-11776
-13568
-7680
-1792
-2048
1280
6144
2560
5632
8960
512
-5120
-768
8192
-2048
-14080
-12544
-768
3328
4096
9728
7168
1792
1792
7936
-3072
-14080
-11008
-6144
-2048
-1536
5120
5632
2816
7680
5888
-2048
-3840
3328
6912
-6400
-15104
-10496
1536
3072
7680
8704
3840
512
3840
8704
-7168
-12800
-9216
-8448
-3328
512
6912
1024
4096
9984
3840
-2048
-2048
4352
3840
-2816
-13824
-12800
-4096
512
8704
8704
5120
3840
1792
8448
-4096
-9472
-9984
-9984
-4608
-1536
5376
2048
3328
8960
5120
2304
-1536
3328
2560
768
-10240
-15104
-7168
-1280
4096
9472
6400
5632
1024
8704
4096
-7936
-11520
-12032
-7424
-3328
3328
4352
256
7424
7680
5632
-768
768
1792
2560
-256
-13568
-13824
-5376
1792
7936
8448
5376
2048
1792
11520
1280
-9728
-12288
-12032
-6912
-2560
6912
1792
-256
9216
7936
5120
-1024
1792
-1280
1536
3072
-11264
-14592
-7424
2560
6400
8192
6144
2304
256
9984
6144
-7680
-11776
-12544
-8192
-5120
4352
3840
-2048
6400
8960
6400
1536
1280
-768
-2048
5376
-1536
-13568
-13056
-3072
2048
5376
8960
4608
1024
3584
11776
768
-9216
-10496
-11520
-7936
-2304
6144
-1280
-1792
9472
7936
5632
2560
2304
-3328
-768
6144
-1792
-12544
-13824
-3072
1280
3072
9984
3584
1792
2560
11776
3328
-8192
-8448
-11520
-7936
-3328
4352
-768
-4352
9216
7424
6912
3584
2816
-3328
-2048
5376
1536
-5376
-14080
-10496
-1280
-256
7936
5632
2048
3072
5888
10752
-2816
-5120
-8960
-10496
-4352
-1792
1792
-5888
768
8960
6144
6912
3072
1024
-3584
1280
3328
-1536
256
-9728
-14080
-4096
1536
3584
4352
2816
4352
1280
9472
5632
-3328
-5632
-9984
-6144
-6656
-512
256
-4864
4864
6400
6144
4096
3840
1280
-3072
2048
256
-256
-512
-11520
-15104
-4608
1536
2304
4864
3840
4352
1792
12032
6912
-2048
-5120
-10240
-7936
-9216
-768
-1792
-5888
6144
7424
8960
4864
4864
1024
-3584
2048
-512
-1024
256
-1536
-11264
-14080
1536
-1536
0
6144
3584
4096
1536
13056
4096
-2048
-2560
-9472
-8704
-8448
1792
-3584
-3584
7168
5376
6144
4096
5632
-1024
-3328
2560
-1792
-256
2304
2304
-3840
-14080
-6144
-1792
-5120
4608
4096
2560
1792
8960
9472
-512
2560
-6656
-8704
-7936
-2816
-1024
-6912
3328
2560
3072
7168
5120
3584
-2816
2304
-256
-2048
1792
0
1024
512
-6400
-11776
-6144
-3072
-2048
4096
3072
3840
2048
8960
8704
3072
1024
-5888
-7168
-8704
-3072
-3328
-6144
-768
256
4864
5632
7424
4864
0
2304
-1280
-1792
-1280
-1280
512
0
1536
-7936
-11008
-2048
-3840
768
3840
3328
2048
1536
10752
6144
3584
1536
-5376
-8192
-8704
-2304
-5632
-5376
0
0
4096
6656
9728
4608
512
1536
-3584
-3072
-1280
-1280
-2048
-1792
4096
3072
-5376
-10752
-4096
-5120
-5632
6144
2560
2816
4096
10496
9216
4864
6912
-4352
-9984
-10752
-6912
-8192
-7168
1024
-1280
2304
7680
12032
8704
4608
3840
-4864
-5376
-2560
-3072
-2304
-2560
1024
1792
5376
5376
-8448
-9216
-5120
-7680
256
4352
4608
1536
2304
10752
6400
7168
3328
-5632
-11520
-10496
-5632
-6912
-2816
-512
0
2048
8448
13312
7424
5376
-256
-7168
-6144
-4096
-2048
-3328
-1024
512
1280
7936
8448
4352
-9472
-11776
-5632
-10496
1024
4608
1024
512
3072
12288
7680
10240
5120
-6400
-11520
-9984
-6656
-7936
-1536
-1280
-2816
1536
9472
13056
8448
7936
256
-7168
-6656
-5120
-3840
-4352
-1024
-1024
-1024
6656
7936
7680
6400
2304
-8448
-15616
-6400
-8192
-6656
1280
1280
2816
4864
14080
11264
7424
5888
-3072
-10752
-11776
-7424
-9728
-7424
-2560
-512
1792
8448
14848
10240
8704
5120
-2816
-7936
-8192
-7424
-9984
-7168
-2560
-768
5888
10496
9984
7680
5120
3072
-512
-1280
-7936
-16640
-12800
-11264
-6400
4864
8704
11008
7680
9984
9472
5632
4864
-2048
-10496
-15360
-13056
-10496
-5120
1024
5376
4608
6144
11008
9472
9216
5632
-1280
-8960
-12288
-10496
-9984
-6656
-2304
-768
3840
8960
11008
10240
7168
3584
-2816
-4864
-3328
-3072
-5376
-12800
-13056
-6656
-5120
7168
12800
9472
7424
4096
5632
2816
3584
1536
-7936
-13568
-12544
-10496
-4864
3584
6656
5632
2560
5888
6656
6912
7936
1536
-6144
-11264
-10496
-7936
-4352
512
512
-2048
768
5120
7424
9216
7680
2048
-4352
-5120
-4352
-3584
-1280
-512
-2048
-2560
-5120
-5120
1024
1280
2816
3840
256
1024
256
4096
3584
1536
768
-3840
-5888
-4608
-2816
-2304
-512
-256
0
-512
2816
4608
3584
3840
1280
-1536
-3072
-2816
-1792
-2304
-1536
-1792
-2816
-1024
1024
2304
1792
1024
1024
-256
768
2048
768
0
-1024
-2048
-1792
-768
1024
1536
1536
-2304
-7168
-4352
-3584
-1792
3584
3328
2560
768
2304
3328
2816
4096
1280
-4352
-6144
-6656
-5888
-1792
512
1792
-1024
0
3584
5120
8448
8192
3584
-1536
-5632
-5888
-5632
-3584
-1024
-3584
-3584
-1792
1024
4352
6912
6912
3584
-512
-1792
-3328
-3072
-1280
-1536
-2560
-2560
-1280
512
3072
5376
4608
2560
2048
256
-3840
-7680
-5120
-6144
-6656
-256
768
2048
4352
7168
6656
5376
5888
2816
-3072
-4096
-6400
-8960
-6144
-4096
-1536
-1280
2560
4864
4864
7680
8192
4608
1792
-1024
-4352
-6400
-5632
-4352
-5376
-3840
-1536
-256
2048
5632
6400
5632
4352
2560
-768
-2560
-2560
-4608
-5376
-4608
-4864
-3328
256
3328
4864
5888
5632
3072
2048
1280
-512
-1280
-1280
-2816
-6400
-9728
-6912
-5376
-3072
4864
6144
6144
5632
5376
4864
3840
4096
1280
-4864
-7168
-8448
-9984
-5632
-1792
1536
1792
3584
5120
4352
6912
7424
4352
1024
-3328
-6656
-8448
-6656
-3840
-3584
-1536
0
256
2048
5120
6656
6144
4352
2304
-2048
-4608
-4096
-4352
-3840
-2816
-2560
-2560
-768
1792
3584
4096
4864
3072
768
0
-512
-1280
-1024
-1024
-2048
-2560
-1536
-512
768
2304
1024
-2560
-3072
-2816
-3328
512
2560
2560
1536
1280
1280
768
2560
3072
512
-2048
-3584
-5632
-5120
-2560
512
768
1024
1792
1024
2048
4096
4352
2816
768
-1792
-4096
-4864
-3072
-2304
-1536
-512
-512
-512
512
2304
3328
3584
3584
1536
-1280
-2048
-2560
-2560
-2048
-1280
-1792
-2048
-1024
0
1024
2816
3328
2304
1280
0
-1280
-2048
-1792
-1792
-1792
-1280
-768
-512
1024
2560
3072
2560
1792
512
-256
-256
-768
-2560
-4864
-5120
-4864
-4096
0
2560
3584
4352
4352
3584
2816
2816
1792
-1024
-2560
-4352
-6656
-6144
-4096
-2048
0
2048
3584
3328
4096
4864
3840
2560
1024
-1536
-4096
-5120
-4864
-4608
-3328
-1280
-256
512
2304
3072
3840
4096
3584
1792
-256
-1536
-3328
-4096
-3584
-2816
-2304
-1536
-256
256
1536
3328
3584
3328
2560
1280
-256
-1792
-2304
-3072
-3072
-2560
-2304
-1792
-1024
256
1792
2560
3328
3328
2304
1280
0
-768
-1280
-1792
-2048
-2048
-1792
-1280
-768
0
0
-768
-768
-512
-256
768
1792
2048
1792
1024
512
-256
-256
0
-512
-1280
-1792
-2560
-2304
-1280
0
1024
1536
2304
1792
1280
1536
1024
512
0
-768
-2048
-2816
-2560
-2048
-1536
-256
512
768
768
1280
1536
1280
1280
1024
0
-768
-1536
-2048
-2048
-1536
-768
-256
256
512
512
512
768
1024
1024
768
256
-512
-1280
-1536
-1280
-1024
-512
-512
-256
-256
0
256
512
1024
1024
768
0
-768
-1280
-1024
-512
-512
-256
0
0
256
512
768
512
512
512
256
-256
-256
-512
-768
-512
-512
-512
-512
-1280
-1792
-1792
-1280
-512
512
1536
1792
1792
1536
1280
512
256
-256
-768
-1536
-2304
-2560
-2304
-1536
-256
768
1536
2048
2048
1536
1280
1024
256
0
-768
-1280
-2048
-2304
-2304
-1792
-1024
0
768
1280
1536
1280
1280
1024
768
256
-256
-1024
-1536
-1792
-1792
-1536
-768
0
512
768
768
768
512
512
768
512
0
-512
-1024
-1280
-1280
-1024
-512
-256
0
256
256
512
768
768
768
512
0
-512
-768
-1024
-1024
-1024
-768
-512
0
0
256
512
512
512
512
512
512
0
-256
-512
-512
-768
-768
-512
-256
-256
-256
0
0
256
512
512
256
256
0
-256
-512
-512
-512
-512
-768
-512
-512
-512
-256
-256
0
512
768
1024
1024
768
512
0
-256
-512
-768
-768
-1024
-1280
-1280
-768
-256
256
512
1024
1024
1024
512
256
-256
-512
-768
-1024
-1024
-1024
-768
-512
-256
0
256
512
768
768
512
256
0
-256
-256
-256
-512
-512
-512
-512
-512
-256
0
256
512
512
512
256
256
0
-256
-512
-512
-512
-768
-512
-512
-256
0
256
256
256
256
256
0
0
-256
-256
-256
-256
-256
-512
-256
-256
-256
0
0
256
256
256
256
0
0
0
-256
-256
-256
-512
-512
-512
-256
-256
-256
256
256
0
256
256
0
0
-256
-256
-512
-256
-256
-512
-256
0
0
0
0
0
0
256
256
0
-256
-256
-256
-256
-256
